% PlotTitle: "Multiantenna Matching"
% X axis: "Frequency [GHz]"
% Y axis: "Efficiency and S parameters [dB]"
"Frequency [GHz]"	"S11"	"Efficiency 1"
0,1	-0,0124361	-91,5081
0,104	-0,0126755	-90,8127
0,108	-0,0129163	-90,1449
0,112	-0,0131582	-89,4988
0,116	-0,0134007	-88,8697
0,12	-0,0136431	-88,2517
0,124	-0,0138878	-87,6456
0,128	-0,0141328	-87,0437
0,132	-0,0143775	-86,4406
0,136	-0,0146213	-85,8355
0,14	-0,0148639	-85,2283
0,144	-0,015107	-84,6237
0,148	-0,0153509	-84,0238
0,152	-0,0155932	-83,4265
0,156	-0,015834	-82,8354
0,16	-0,0160728	-82,2539
0,164	-0,0163107	-81,6873
0,168	-0,0165503	-81,1419
0,172	-0,0167878	-80,6144
0,176	-0,017023	-80,1067
0,18	-0,0172562	-79,6204
0,184	-0,0174865	-79,1562
0,188	-0,0177202	-78,7214
0,192	-0,017952	-78,3076
0,196	-0,018181	-77,9134
0,2	-0,0184075	-77,5373
0,204	-0,0186309	-77,176
0,208	-0,018857	-76,8322
0,212	-0,0190822	-76,4977
0,216	-0,0193051	-76,1674
0,22	-0,0195247	-75,8364
0,224	-0,0197414	-75,5016
0,228	-0,0199592	-75,162
0,232	-0,0201783	-74,8152
0,236	-0,0203948	-74,4554
0,24	-0,0206084	-74,0819
0,244	-0,0208186	-73,6954
0,248	-0,0210277	-73,2992
0,252	-0,0212413	-72,899
0,256	-0,0214523	-72,4925
0,26	-0,0216601	-72,0843
0,264	-0,0218645	-71,6779
0,268	-0,0220653	-71,2771
0,272	-0,0222738	-70,8919
0,276	-0,0224794	-70,5187
0,28	-0,0226822	-70,1596
0,284	-0,0228815	-69,8169
0,288	-0,0230773	-69,4912
0,292	-0,0232787	-69,1878
0,296	-0,0234802	-68,9028
0,3	-0,0236786	-68,6333
0,304	-0,0238735	-68,3773
0,308	-0,0240647	-68,1326
0,312	-0,024259	-67,8985
0,316	-0,024457	-67,6712
0,32	-0,0246517	-67,4433
0,324	-0,024843	-67,2109
0,328	-0,0250305	-66,9694
0,332	-0,0252181	-66,7169
0,336	-0,0254138	-66,4531
0,34	-0,0256062	-66,1721
0,344	-0,0257951	-65,8734
0,348	-0,0259802	-65,5579
0,352	-0,0261611	-65,2277
0,356	-0,0263546	-64,8913
0,36	-0,0265447	-64,5467
0,364	-0,0267321	-64,1985
0,368	-0,0269158	-63,8511
0,372	-0,0270952	-63,5083
0,376	-0,0272836	-63,1781
0,38	-0,027473	-62,8607
0,384	-0,0276592	-62,5573
0,388	-0,0278423	-62,27
0,392	-0,0280209	-61,9997
0,396	-0,0282043	-61,749
0,4	-0,0283934	-61,5174
0,404	-0,0285808	-61,3011
0,408	-0,0287638	-61,0977
0,412	-0,0289419	-60,9043
0,416	-0,0291205	-60,7186
0,42	-0,0293125	-60,5389
0,424	-0,0295002	-60,3566
0,428	-0,0296833	-60,1672
0,432	-0,0298635	-59,9663
0,436	-0,0300392	-59,7499
0,44	-0,030232	-59,5197
0,444	-0,0304217	-59,2691
0,448	-0,0306088	-58,9981
0,452	-0,0307905	-58,7076
0,456	-0,0309677	-58,4003
0,46	-0,0311597	-58,0831
0,464	-0,0313525	-57,758
0,468	-0,0315422	-57,4288
0,472	-0,0317287	-57,0998
0,476	-0,0319089	-56,776
0,48	-0,0320986	-56,4633
0,484	-0,032297	-56,165
0,488	-0,0324895	-55,8816
0,492	-0,0326817	-55,615
0,496	-0,032867	-55,3662
0,5	-0,0330542	-55,1363
0,504	-0,0332587	-54,9269
0,508	-0,0334568	-54,7334
0,512	-0,0336545	-54,5532
0,516	-0,0338454	-54,3834
0,52	-0,0340319	-54,2198
0,524	-0,034243	-54,0619
0,528	-0,0344482	-53,9007
0,532	-0,0346533	-53,7311
0,536	-0,0348504	-53,5481
0,54	-0,0350459	-53,3474
0,544	-0,0352571	-53,1284
0,548	-0,0354734	-52,8875
0,552	-0,035686	-52,6232
0,556	-0,0358934	-52,337
0,56	-0,0360983	-52,0317
0,564	-0,036311	-51,7131
0,568	-0,0365402	-51,3861
0,572	-0,0367609	-51,0539
0,576	-0,0369833	-50,7217
0,58	-0,0371957	-50,3944
0,584	-0,0374165	-50,0773
0,588	-0,0376538	-49,7758
0,592	-0,037892	-49,49
0,596	-0,0381218	-49,2218
0,6	-0,0383511	-48,9724
0,604	-0,0385711	-48,7421
0,608	-0,0388262	-48,5337
0,612	-0,0390735	-48,3423
0,616	-0,0393213	-48,1653
0,62	-0,0395598	-47,9995
0,624	-0,0397985	-47,8405
0,628	-0,0400549	-47,6863
0,632	-0,040324	-47,5296
0,636	-0,0405826	-47,3639
0,64	-0,0408453	-47,1837
0,644	-0,0410966	-46,9839
0,648	-0,0413699	-46,7624
0,652	-0,0416553	-46,5169
0,656	-0,0419425	-46,2449
0,66	-0,0422238	-45,9476
0,664	-0,0425032	-45,6281
0,668	-0,0427892	-45,2913
0,672	-0,0431029	-44,9442
0,676	-0,0434181	-44,5899
0,68	-0,0437251	-44,2342
0,684	-0,0440364	-43,8822
0,688	-0,0443359	-43,5389
0,692	-0,0446842	-43,2114
0,696	-0,0450254	-42,8996
0,7	-0,0453656	-42,6059
0,704	-0,0457024	-42,3316
0,708	-0,0460309	-42,077
0,712	-0,0463973	-41,844
0,716	-0,0467653	-41,6296
0,72	-0,0471391	-41,4305
0,724	-0,0475042	-41,2432
0,728	-0,0478669	-41,0635
0,732	-0,0482539	-40,8876
0,736	-0,0486589	-40,7096
0,74	-0,0490747	-40,5219
0,744	-0,0494826	-40,3179
0,748	-0,0498951	-40,0921
0,752	-0,0503218	-39,8404
0,756	-0,0507874	-39,5612
0,76	-0,0512688	-39,2509
0,764	-0,0517472	-38,9104
0,768	-0,0522358	-38,5424
0,772	-0,0527301	-38,1514
0,776	-0,0532825	-37,7459
0,78	-0,0538571	-37,329
0,784	-0,0544315	-36,9069
0,788	-0,0550154	-36,4854
0,792	-0,0556097	-36,0697
0,796	-0,0562483	-35,6663
0,8	-0,0569226	-35,2771
0,804	-0,057599	-34,9037
0,808	-0,0582767	-34,5471
0,812	-0,0589708	-34,2075
0,816	-0,059694	-33,8856
0,82	-0,0604632	-33,579
0,824	-0,0612467	-33,2831
0,828	-0,0620327	-32,9933
0,832	-0,0628453	-32,7043
0,836	-0,0636924	-32,4101
0,84	-0,064614	-32,1052
0,844	-0,0655932	-31,7798
0,848	-0,0666113	-31,4265
0,852	-0,0676859	-31,0387
0,856	-0,0688482	-30,6116
0,86	-0,0701724	-30,145
0,864	-0,0716121	-29,6354
0,868	-0,0731962	-29,0848
0,872	-0,0749268	-28,497
0,876	-0,0768437	-27,8781
0,88	-0,0790381	-27,2372
0,884	-0,0814794	-26,5805
0,888	-0,0841908	-25,9149
0,892	-0,087188	-25,2479
0,896	-0,0904723	-24,5867
0,9	-0,0941215	-23,9394
0,904	-0,0981283	-23,3121
0,908	-0,102421	-22,7088
0,912	-0,106995	-22,1343
0,916	-0,111795	-21,5931
0,92	-0,116764	-21,0896
0,924	-0,121895	-20,6285
0,928	-0,127028	-20,2098
0,932	-0,132052	-19,8349
0,936	-0,136899	-19,5045
0,94	-0,141483	-19,2183
0,944	-0,145798	-18,9785
0,948	-0,149739	-18,78
0,952	-0,153291	-18,6205
0,956	-0,156424	-18,4969
0,96	-0,15917	-18,406
0,964	-0,161652	-18,3467
0,968	-0,163847	-18,3137
0,972	-0,165795	-18,3027
0,976	-0,167605	-18,3102
0,98	-0,169294	-18,3324
0,984	-0,170976	-18,3676
0,988	-0,172773	-18,4124
0,992	-0,174668	-18,4616
0,996	-0,176718	-18,5115
1	-0,179022	-18,5584
1,004	-0,181672	-18,5992
1,008	-0,184777	-18,6315
1,012	-0,188341	-18,6485
1,016	-0,19248	-18,6458
1,02	-0,197222	-18,6191
1,024	-0,20265	-18,5642
1,028	-0,209077	-18,4812
1,032	-0,21641	-18,3639
1,036	-0,224739	-18,2104
1,04	-0,234208	-18,0201
1,044	-0,244945	-17,7938
1,048	-0,257145	-17,5365
1,052	-0,270854	-17,2494
1,056	-0,286261	-16,9356
1,06	-0,303402	-16,599
1,064	-0,32242	-16,2441
1,068	-0,343636	-15,8772
1,072	-0,367276	-15,5018
1,076	-0,39343	-15,1186
1,08	-0,422405	-14,7292
1,084	-0,454753	-14,3347
1,088	-0,490898	-13,9361
1,092	-0,531563	-13,535
1,096	-0,577559	-13,1262
1,1	-0,630126	-12,7071
1,104	-0,69057	-12,2742
1,108	-0,760818	-11,8237
1,112	-0,843585	-11,3576
1,116	-0,942089	-10,8661
1,12	-1,0607	-10,3448
1,124	-1,20547	-9,78962
1,128	-1,3851	-9,19791
1,132	-1,61015	-8,57299
1,136	-1,89649	-7,9118
1,14	-2,26699	-7,21549
1,144	-2,75483	-6,49115
1,148	-3,40786	-5,75049
1,152	-4,29571	-5,01586
1,156	-5,52795	-4,31346
1,16	-7,29163	-3,67202
1,164	-9,93247	-3,12798
1,168	-14,2631	-2,71694
1,172	-22,6683	-2,46685
1,176	-19,9039	-2,38698
1,18	-13,1332	-2,46189
1,184	-9,52363	-2,66733
1,188	-7,25165	-2,97351
1,192	-5,69764	-3,34995
1,196	-4,5914	-3,76953
1,2	-3,76951	-4,21405
1,204	-3,14344	-4,67035
1,208	-2,65651	-5,12866
1,212	-2,27112	-5,58237
1,216	-1,96369	-6,02523
1,22	-1,71427	-6,4555
1,224	-1,50921	-6,87101
1,228	-1,33915	-7,26955
1,232	-1,19719	-7,64924
1,236	-1,07873	-8,00764
1,24	-0,97937	-8,34335
1,244	-0,895285	-8,65614
1,248	-0,824187	-8,94524
1,252	-0,763919	-9,2102
1,256	-0,71288	-9,45058
1,26	-0,669757	-9,6661
1,264	-0,633015	-9,85876
1,268	-0,601721	-10,0299
1,272	-0,57506	-10,1812
1,276	-0,552228	-10,3145
1,28	-0,532798	-10,431
1,284	-0,516001	-10,534
1,288	-0,501434	-10,6258
1,292	-0,488625	-10,7085
1,296	-0,47731	-10,7839
1,3	-0,467283	-10,8536
1,304	-0,458244	-10,9192
1,308	-0,449932	-10,9821
1,312	-0,442216	-11,043
1,316	-0,435012	-11,1023
1,32	-0,428329	-11,1602
1,324	-0,422133	-11,2163
1,328	-0,416389	-11,2704
1,332	-0,411134	-11,3217
1,336	-0,406435	-11,3692
1,34	-0,402403	-11,4118
1,344	-0,399072	-11,4482
1,348	-0,396624	-11,4772
1,352	-0,395019	-11,4977
1,356	-0,394369	-11,5083
1,36	-0,394717	-11,5083
1,364	-0,396088	-11,4971
1,368	-0,39853	-11,474
1,372	-0,402074	-11,4389
1,376	-0,406762	-11,3922
1,38	-0,412544	-11,3343
1,384	-0,419378	-11,2661
1,388	-0,427234	-11,1886
1,392	-0,436101	-11,1029
1,396	-0,445997	-11,0102
1,4	-0,456812	-10,9119
1,404	-0,468411	-10,8092
1,408	-0,480734	-10,7035
1,412	-0,493801	-10,5953
1,416	-0,507528	-10,4853
1,42	-0,521903	-10,3741
1,424	-0,536928	-10,2621
1,428	-0,552641	-10,1495
1,432	-0,569173	-10,0357
1,436	-0,586597	-9,9201
1,44	-0,605062	-9,80193
1,444	-0,624798	-9,68032
1,448	-0,646155	-9,55535
1,452	-0,669297	-9,4248
1,456	-0,694509	-9,28747
1,46	-0,722149	-9,14216
1,464	-0,752617	-8,98771
1,468	-0,786357	-8,82408
1,472	-0,823849	-8,64987
1,476	-0,865607	-8,46421
1,48	-0,912201	-8,26668
1,484	-0,964233	-8,05723
1,488	-1,0224	-7,83674
1,492	-1,08734	-7,60572
1,496	-1,16015	-7,36437
1,5	-1,24154	-7,11335
1,504	-1,33239	-6,85355
1,508	-1,43386	-6,58652
1,512	-1,54695	-6,31421
1,516	-1,67322	-6,03644
1,52	-1,81434	-5,75428
1,524	-1,97231	-5,46863
1,528	-2,14963	-5,18064
1,532	-2,34848	-4,89316
1,536	-2,57254	-4,6052
1,54	-2,82572	-4,31779
1,544	-3,11301	-4,03229
1,548	-3,44041	-3,7508
1,552	-3,81236	-3,47635
1,556	-4,23564	-3,21011
1,56	-4,71678	-2,9545
1,564	-5,26066	-2,71314
1,568	-5,86897	-2,49048
1,572	-6,53394	-2,29239
1,576	-7,23401	-2,12384
1,58	-7,92456	-1,98891
1,584	-8,52738	-1,89242
1,588	-8,93728	-1,83847
1,592	-9,05695	-1,83016
1,596	-8,85787	-1,86958
1,6	-8,38659	-1,95403
1,604	-7,74502	-2,08098
1,608	-7,03443	-2,2468
1,612	-6,32671	-2,44716
1,616	-5,66644	-2,6766
1,62	-5,06549	-2,92985
1,624	-4,52885	-3,20216
1,628	-4,0545	-3,48935
1,632	-3,6378	-3,78793
1,636	-3,27447	-4,09401
1,64	-2,95606	-4,40529
1,644	-2,67657	-4,72
1,648	-2,43084	-5,03647
1,652	-2,21383	-5,35313
1,656	-2,02265	-5,66833
1,66	-1,85362	-5,98085
1,664	-1,70307	-6,29031
1,668	-1,5687	-6,59577
1,672	-1,44852	-6,89649
1,676	-1,34129	-7,19149
1,68	-1,24582	-7,47945
1,684	-1,15996	-7,76048
1,688	-1,08263	-8,03403
1,692	-1,01289	-8,29959
1,696	-0,950353	-8,55682
1,7	-0,894521	-8,80457
1,704	-0,843893	-9,04357
1,708	-0,797888	-9,27382
1,712	-0,755988	-9,49553
1,716	-0,717735	-9,70891
1,72	-0,683145	-9,91366
1,724	-0,65154	-10,1107
1,728	-0,622434	-10,3006
1,732	-0,595545	-10,484
1,736	-0,57063	-10,6612
1,74	-0,547646	-10,8325
1,744	-0,526598	-10,9982
1,748	-0,507029	-11,1591
1,752	-0,488684	-11,3157
1,756	-0,471458	-11,4681
1,76	-0,455321	-11,6163
1,764	-0,440314	-11,76
1,768	-0,426241	-11,9
1,772	-0,412964	-12,0361
1,776	-0,400432	-12,1683
1,78	-0,388608	-12,2964
1,784	-0,377655	-12,4195
1,788	-0,367343	-12,5382
1,792	-0,357709	-12,6524
1,796	-0,348766	-12,7617
1,8	-0,340362	-12,8661
1,804	-0,332587	-12,965
1,808	-0,325336	-13,0586
1,812	-0,318556	-13,1469
1,816	-0,312265	-13,2301
1,82	-0,306377	-13,3081
1,824	-0,300941	-13,3807
1,828	-0,295925	-13,448
1,832	-0,291239	-13,5104
1,836	-0,286882	-13,5681
1,84	-0,282863	-13,6213
1,844	-0,279214	-13,6701
1,848	-0,275925	-13,7143
1,852	-0,272861	-13,7546
1,856	-0,27001	-13,7911
1,86	-0,267365	-13,8239
1,864	-0,26496	-13,8533
1,868	-0,262826	-13,8788
1,872	-0,260859	-13,901
1,876	-0,25905	-13,92
1,88	-0,257397	-13,9358
1,884	-0,255897	-13,9483
1,888	-0,254666	-13,9573
1,892	-0,253635	-13,9628
1,896	-0,252822	-13,9649
1,9	-0,25217	-13,9634
1,904	-0,251678	-13,9583
1,908	-0,251389	-13,9491
1,912	-0,251345	-13,9358
1,916	-0,251503	-13,9185
1,92	-0,25185	-13,8968
1,924	-0,252393	-13,8709
1,928	-0,253155	-13,8403
1,932	-0,254174	-13,805
1,936	-0,255424	-13,7651
1,94	-0,256939	-13,7206
1,944	-0,258753	-13,6715
1,948	-0,260818	-13,6179
1,952	-0,263177	-13,5595
1,956	-0,265787	-13,4965
1,96	-0,268649	-13,4293
1,964	-0,27182	-13,3578
1,968	-0,275273	-13,282
1,972	-0,27904	-13,2019
1,976	-0,283112	-13,1176
1,98	-0,287488	-13,0292
1,984	-0,292187	-12,9368
1,988	-0,297245	-12,8401
1,992	-0,30276	-12,7392
1,996	-0,30874	-12,6339
2	-0,315146	-12,5241
2,004	-0,322013	-12,4097
2,008	-0,329383	-12,2906
2,012	-0,33731	-12,1665
2,016	-0,345897	-12,0371
2,02	-0,355157	-11,9024
2,024	-0,365125	-11,7622
2,028	-0,375868	-11,6165
2,032	-0,387454	-11,4651
2,036	-0,399987	-11,3078
2,04	-0,413516	-11,1446
2,044	-0,428259	-10,9759
2,048	-0,444188	-10,8013
2,052	-0,461393	-10,6209
2,056	-0,480012	-10,4347
2,06	-0,500153	-10,2426
2,064	-0,521945	-10,0449
2,068	-0,545558	-9,8414
2,072	-0,571209	-9,63222
2,076	-0,599068	-9,41719
2,08	-0,629363	-9,19626
2,084	-0,662349	-8,96941
2,088	-0,698327	-8,73653
2,092	-0,737698	-8,49764
2,096	-0,780887	-8,25259
2,1	-0,828351	-8,00114
2,104	-0,880545	-7,74324
2,108	-0,938068	-7,47886
2,112	-1,0016	-7,208
2,116	-1,0719	-6,9308
2,12	-1,14987	-6,64738
2,124	-1,23645	-6,35818
2,128	-1,33277	-6,06372
2,132	-1,43995	-5,76462
2,136	-1,55928	-5,46174
2,14	-1,69217	-5,15618
2,144	-1,84007	-4,84969
2,148	-2,00436	-4,54347
2,152	-2,18639	-4,23939
2,156	-2,38736	-3,93968
2,16	-2,60792	-3,64678
2,164	-2,84812	-3,36349
2,168	-3,10689	-3,09288
2,172	-3,38165	-2,83827
2,176	-3,66767	-2,60313
2,18	-3,95757	-2,39097
2,184	-4,24103	-2,20524
2,188	-4,50456	-2,04898
2,192	-4,73237	-1,92514
2,196	-4,90873	-1,83545
2,2	-5,0203	-1,78076
2,204	-5,05912	-1,76113
2,208	-5,02394	-1,77575
2,212	-4,92098	-1,82291
2,216	-4,76194	-1,90009
2,22	-4,56143	-2,00423
2,224	-4,33454	-2,13182
2,228	-4,09426	-2,2793
2,232	-3,85106	-2,44309
2,236	-3,61268	-2,61976
2,24	-3,38427	-2,80622
2,244	-3,16913	-2,99968
2,248	-2,96896	-3,19728
2,252	-2,78423	-3,39688
2,256	-2,61481	-3,59656
2,26	-2,46013	-3,79469
2,264	-2,31941	-3,98984
2,268	-2,19178	-4,18078
2,272	-2,07615	-4,36663
2,276	-1,97153	-4,54655
2,28	-1,87696	-4,71982
2,284	-1,79158	-4,88587
2,288	-1,71471	-5,04407
2,292	-1,64545	-5,19433
2,296	-1,5831	-5,33633
2,3	-1,52704	-5,46991
2,304	-1,47669	-5,59506
2,308	-1,43156	-5,71172
2,312	-1,39106	-5,82017
2,316	-1,3547	-5,92076
2,32	-1,32201	-6,01389
2,324	-1,29257	-6,1001
2,328	-1,26599	-6,17991
2,332	-1,24191	-6,25407
2,336	-1,21988	-6,32342
2,34	-1,19951	-6,38883
2,344	-1,18047	-6,45125
2,348	-1,16241	-6,51155
2,352	-1,14505	-6,57064
2,356	-1,12802	-6,62964
2,36	-1,11103	-6,68957
2,364	-1,09384	-6,75144
2,368	-1,07619	-6,81621
2,372	-1,05795	-6,88464
2,376	-1,03886	-6,95775
2,38	-1,0188	-7,0363
2,384	-0,997676	-7,12099
2,388	-0,975458	-7,21238
2,392	-0,952191	-7,31089
2,396	-0,927918	-7,41689
2,4	-0,902674	-7,53059
2,404	-0,876578	-7,65205
2,408	-0,849779	-7,7812
2,412	-0,822467	-7,91781
2,416	-0,794822	-8,06156
2,42	-0,767	-8,21216
2,424	-0,739184	-8,36912
2,428	-0,711576	-8,53197
2,432	-0,684317	-8,70005
2,436	-0,657573	-8,8727
2,44	-0,631433	-9,04943
2,444	-0,606007	-9,22959
2,448	-0,58138	-9,41254
2,452	-0,55762	-9,59765
2,456	-0,534821	-9,78416
2,46	-0,513017	-9,97158
2,464	-0,492203	-10,1593
2,468	-0,472395	-10,3466
2,472	-0,4536	-10,5328
2,476	-0,435844	-10,7174
2,48	-0,4191	-10,8996
2,484	-0,403343	-11,079
2,488	-0,388555	-11,2549
2,492	-0,374737	-11,4268
2,496	-0,361847	-11,5942
2,5	-0,349837	-11,7568
2,504	-0,338651	-11,9142
2,508	-0,328241	-12,0663
2,512	-0,318555	-12,213
2,516	-0,309546	-12,3544
2,52	-0,301169	-12,4904
2,524	-0,293368	-12,6215
2,528	-0,286085	-12,748
2,532	-0,27925	-12,8704
2,536	-0,272808	-12,989
2,54	-0,266736	-13,1042
2,544	-0,260965	-13,2167
2,548	-0,25546	-13,3268
2,552	-0,250186	-13,4351
2,556	-0,245124	-13,5416
2,56	-0,240298	-13,6467
2,564	-0,235653	-13,7505
2,568	-0,231175	-13,8529
2,572	-0,226865	-13,9538
2,576	-0,222725	-14,053
2,58	-0,218768	-14,15
2,584	-0,215004	-14,2446
2,588	-0,21143	-14,3363
2,592	-0,208079	-14,4247
2,596	-0,204949	-14,5092
2,6	-0,202033	-14,5896
2,604	-0,19934	-14,6654
2,608	-0,196855	-14,7365
2,612	-0,194571	-14,8028
2,616	-0,192479	-14,8644
2,62	-0,190564	-14,9214
2,624	-0,188824	-14,9741
2,628	-0,187264	-15,0231
2,632	-0,185824	-15,0687
2,636	-0,184482	-15,1117
2,64	-0,183216	-15,1525
2,644	-0,182014	-15,1917
2,648	-0,180854	-15,2299
2,652	-0,179714	-15,2676
2,656	-0,178582	-15,3052
2,66	-0,17746	-15,3429
2,664	-0,176371	-15,3809
2,668	-0,175285	-15,4192
2,672	-0,174198	-15,4576
2,676	-0,173118	-15,4961
2,68	-0,172054	-15,5341
2,684	-0,171022	-15,5712
2,688	-0,170043	-15,607
2,692	-0,16912	-15,6408
2,696	-0,168283	-15,6722
2,7	-0,167556	-15,7007
2,704	-0,166923	-15,7259
2,708	-0,166402	-15,7472
2,712	-0,165987	-15,7646
2,716	-0,165679	-15,7779
2,72	-0,165476	-15,7873
2,724	-0,165372	-15,7928
2,728	-0,165368	-15,7947
2,732	-0,165463	-15,7934
2,736	-0,165654	-15,7895
2,74	-0,165901	-15,7833
2,744	-0,16619	-15,7754
2,748	-0,166512	-15,7662
2,752	-0,166855	-15,7562
2,756	-0,167206	-15,7458
2,76	-0,167556	-15,7353
2,764	-0,167899	-15,7248
2,768	-0,168249	-15,7144
2,772	-0,168632	-15,704
2,776	-0,169013	-15,6937
2,78	-0,169397	-15,683
2,784	-0,169794	-15,6717
2,788	-0,170215	-15,6594
2,792	-0,17068	-15,6458
2,796	-0,171192	-15,6303
2,8	-0,171764	-15,6126
2,804	-0,172408	-15,5924
2,808	-0,173178	-15,5693
2,812	-0,174043	-15,5431
2,816	-0,175006	-15,5135
2,82	-0,176069	-15,4806
2,824	-0,177234	-15,4443
2,828	-0,178499	-15,4048
2,832	-0,179868	-15,3621
2,836	-0,181336	-15,3166
2,84	-0,182895	-15,2686
2,844	-0,184572	-15,2183
2,848	-0,186341	-15,166
2,852	-0,188186	-15,1118
2,856	-0,190104	-15,0561
2,86	-0,192086	-14,9991
2,864	-0,194131	-14,9408
2,868	-0,196239	-14,8813
2,872	-0,198411	-14,8206
2,876	-0,200659	-14,7587
2,88	-0,202991	-14,6955
2,884	-0,205444	-14,6308
2,888	-0,207988	-14,5646
2,892	-0,210635	-14,4966
2,896	-0,2134	-14,4266
2,9	-0,216292	-14,3544
2,904	-0,219321	-14,2798
2,908	-0,2225	-14,2027
2,912	-0,225841	-14,1229
2,916	-0,229359	-14,0403
2,92	-0,233099	-13,9548
2,924	-0,237053	-13,8664
2,928	-0,241215	-13,7751
2,932	-0,245594	-13,6809
2,936	-0,250202	-13,5838
2,94	-0,255055	-13,484
2,944	-0,260155	-13,3814
2,948	-0,265513	-13,276
2,952	-0,27114	-13,168
2,956	-0,27705	-13,0573
2,96	-0,283308	-12,944
2,964	-0,289882	-12,8281
2,968	-0,296784	-12,7096
2,972	-0,304031	-12,5886
2,976	-0,311641	-12,465
2,98	-0,319643	-12,3389
2,984	-0,328055	-12,2101
2,988	-0,336901	-12,079
2,992	-0,346206	-11,9453
2,996	-0,355997	-11,8092
3	-0,366356	-11,6705
3,004	-0,377262	-11,5293
3,008	-0,38874	-11,3857
3,012	-0,400822	-11,2397
3,016	-0,413543	-11,0913
3,02	-0,426937	-10,9406
3,024	-0,441046	-10,7877
3,028	-0,455902	-10,6327
3,032	-0,471545	-10,4756
3,036	-0,488016	-10,3166
3,04	-0,505406	-10,1561
3,044	-0,523714	-9,99372
3,048	-0,542975	-9,82978
3,052	-0,563232	-9,66438
3,056	-0,584526	-9,49768
3,06	-0,606898	-9,32986
3,064	-0,630387	-9,16111
3,068	-0,655025	-8,99168
3,072	-0,680831	-8,82185
3,076	-0,707822	-8,65193
3,08	-0,736061	-8,48229
3,084	-0,765494	-8,31324
3,088	-0,796071	-8,14554
3,092	-0,827759	-7,97944
3,096	-0,860508	-7,81527
3,1	-0,894244	-7,6535
3,104	-0,928875	-7,49458
3,108	-0,964295	-7,33898
3,112	-1,00037	-7,18715
3,116	-1,03696	-7,03948
3,12	-1,07396	-6,89636
3,124	-1,11121	-6,75806
3,128	-1,14854	-6,62475
3,132	-1,18581	-6,4966
3,136	-1,22287	-6,37385
3,14	-1,25958	-6,2567
3,144	-1,29591	-6,14464
3,148	-1,33181	-6,03751
3,152	-1,36724	-5,9351
3,156	-1,40217	-5,83716
3,16	-1,43661	-5,74348
3,164	-1,47056	-5,65383
3,168	-1,50399	-5,56796
3,172	-1,53687	-5,48572
3,176	-1,56912	-5,40707
3,18	-1,60066	-5,33201
3,184	-1,63134	-5,26068
3,188	-1,66084	-5,19385
3,192	-1,689	-5,13144
3,196	-1,71547	-5,07389
3,2	-1,73984	-5,02184
3,204	-1,76162	-4,97612
3,208	-1,78021	-4,93761
3,212	-1,79499	-4,90729
3,216	-1,80527	-4,88626
3,22	-1,81038	-4,87567
3,224	-1,8097	-4,87666
3,228	-1,80269	-4,89031
3,232	-1,78896	-4,91761
3,236	-1,76826	-4,95962
3,24	-1,74059	-5,01703
3,244	-1,70621	-5,08999
3,248	-1,6656	-5,17866
3,252	-1,61936	-5,28293
3,256	-1,56829	-5,40244
3,26	-1,51326	-5,53663
3,264	-1,45524	-5,6847
3,268	-1,39516	-5,84575
3,272	-1,33393	-6,01871
3,276	-1,2724	-6,20242
3,28	-1,21127	-6,39575
3,284	-1,15115	-6,59752
3,288	-1,09266	-6,80663
3,292	-1,03612	-7,02183
3,296	-0,981825	-7,24191
3,3	-0,929982	-7,46579
3,304	-0,880741	-7,69237
3,308	-0,834172	-7,92067
3,312	-0,790319	-8,14965
3,316	-0,749173	-8,37836
3,32	-0,710684	-8,60594
3,324	-0,674774	-8,83154
3,328	-0,641339	-9,05449
3,332	-0,610279	-9,27414
3,336	-0,581521	-9,48993
3,34	-0,554887	-9,70145
3,344	-0,530195	-9,90843
3,348	-0,507296	-10,1108
3,352	-0,486045	-10,3084
3,356	-0,466301	-10,5013
3,36	-0,447932	-10,6898
3,364	-0,430803	-10,8739
3,368	-0,414803	-11,054
3,372	-0,399823	-11,2302
3,376	-0,38578	-11,4029
3,38	-0,372623	-11,5722
3,384	-0,360252	-11,7382
3,388	-0,348638	-11,901
3,392	-0,33769	-12,0606
3,396	-0,327368	-12,2171
3,4	-0,317639	-12,3703
3,404	-0,30847	-12,5202
3,408	-0,299831	-12,6666
3,412	-0,291697	-12,8093
3,416	-0,284038	-12,9483
3,42	-0,276836	-13,0835
3,424	-0,270101	-13,2148
3,428	-0,263759	-13,3425
3,432	-0,257781	-13,4665
3,436	-0,252156	-13,587
3,44	-0,246838	-13,7044
3,444	-0,241789	-13,8192
3,448	-0,236972	-13,9316
3,452	-0,232359	-14,042
3,456	-0,227925	-14,151
3,46	-0,223649	-14,2588
3,464	-0,21952	-14,3656
3,468	-0,215549	-14,4716
3,472	-0,211723	-14,5769
3,476	-0,208023	-14,6812
3,48	-0,204453	-14,7842
3,484	-0,20103	-14,8857
3,488	-0,197774	-14,985
3,492	-0,194675	-15,0817
3,496	-0,191745	-15,1751
3,5	-0,188993	-15,2648
3,504	-0,186429	-15,3501
3,508	-0,184054	-15,4307
3,512	-0,181868	-15,5063
3,516	-0,179907	-15,5769
3,52	-0,178115	-15,6425
3,524	-0,176475	-15,7035
3,528	-0,174969	-15,7604
3,532	-0,173569	-15,8141
3,536	-0,172263	-15,8651
3,54	-0,171011	-15,9147
3,544	-0,169783	-15,9637
3,548	-0,168555	-16,0131
3,552	-0,167305	-16,0639
3,556	-0,166013	-16,1166
3,56	-0,164686	-16,1719
3,564	-0,16334	-16,2298
3,568	-0,161945	-16,2906
3,572	-0,160511	-16,3536
3,576	-0,159054	-16,4185
3,58	-0,157596	-16,4841
3,584	-0,15617	-16,5495
3,588	-0,154809	-16,6132
3,592	-0,153534	-16,6739
3,596	-0,152371	-16,7301
3,6	-0,151343	-16,7806
3,604	-0,150469	-16,8242
3,608	-0,149787	-16,8602
3,612	-0,149309	-16,888
3,616	-0,149001	-16,9076
3,62	-0,148851	-16,9194
3,624	-0,14884	-16,9244
3,628	-0,148941	-16,9236
3,632	-0,149127	-16,9186
3,636	-0,149369	-16,9112
3,64	-0,149618	-16,9031
3,644	-0,149834	-16,8963
3,648	-0,149981	-16,8925
3,652	-0,15003	-16,8932
3,656	-0,149976	-16,8996
3,66	-0,149809	-16,9127
3,664	-0,14949	-16,9328
3,668	-0,149022	-16,96
3,672	-0,148418	-16,9938
3,676	-0,147702	-17,0333
3,68	-0,146903	-17,077
3,684	-0,146064	-17,1234
3,688	-0,145229	-17,1701
3,692	-0,144435	-17,215
3,696	-0,143731	-17,2558
3,7	-0,143153	-17,29
3,704	-0,142752	-17,3159
3,708	-0,142582	-17,3316
3,712	-0,142618	-17,3363
3,716	-0,14287	-17,3294
3,72	-0,143328	-17,3114
3,724	-0,143977	-17,2832
3,728	-0,144789	-17,2465
3,732	-0,145726	-17,2033
3,736	-0,146754	-17,1561
3,74	-0,147814	-17,1076
3,744	-0,148851	-17,0603
3,748	-0,149815	-17,0168
3,752	-0,150656	-16,9793
3,756	-0,151386	-16,9498
3,76	-0,151927	-16,9295
3,764	-0,152252	-16,9195
3,768	-0,152351	-16,9199
3,772	-0,15223	-16,9307
3,776	-0,151911	-16,951
3,78	-0,151427	-16,9793
3,784	-0,150826	-17,0136
3,788	-0,150158	-17,0515
3,792	-0,149478	-17,0903
3,796	-0,148847	-17,1269
3,8	-0,148327	-17,1581
3,804	-0,147994	-17,1811
3,808	-0,147909	-17,1932
3,812	-0,14807	-17,1926
3,816	-0,148502	-17,178
3,82	-0,149214	-17,1492
3,824	-0,150198	-17,1066
3,828	-0,151432	-17,0518
3,832	-0,152879	-16,987
3,836	-0,154499	-16,915
3,84	-0,156224	-16,8389
3,844	-0,15799	-16,7619
3,848	-0,159727	-16,6872
3,852	-0,161367	-16,6177
3,856	-0,162892	-16,5561
3,86	-0,164222	-16,5043
3,864	-0,165299	-16,4637
3,868	-0,166094	-16,4353
3,872	-0,166598	-16,4193
3,876	-0,166819	-16,4151
3,88	-0,166782	-16,4219
3,884	-0,166539	-16,4377
3,888	-0,166139	-16,4603
3,892	-0,16565	-16,4869
3,896	-0,165147	-16,5143
3,9	-0,164709	-16,539
3,904	-0,164414	-16,5576
3,908	-0,16439	-16,5668
3,912	-0,164651	-16,5637
3,916	-0,165237	-16,5463
3,92	-0,166182	-16,5131
3,924	-0,167498	-16,4641
3,928	-0,169181	-16,3999
3,932	-0,171207	-16,3223
3,936	-0,173535	-16,2338
3,94	-0,176097	-16,1374
3,944	-0,178821	-16,0366
3,948	-0,181624	-15,9348
3,952	-0,184418	-15,8354
3,956	-0,187116	-15,7415
3,96	-0,189691	-15,6557
3,964	-0,19203	-15,5799
3,968	-0,194067	-15,5156
3,972	-0,195769	-15,4635
3,976	-0,197118	-15,4237
3,98	-0,198125	-15,3957
3,984	-0,19883	-15,3782
3,988	-0,199281	-15,3693
3,992	-0,199548	-15,3665
3,996	-0,199717	-15,3672
4	-0,199885	-15,3679
